%YAML:1.0

cam0:
  T_imu_cam: #rotation from camera to IMU R_CtoI, position of camera in IMU p_CinI
    - [0.99993848, -0.01087644,  0.00217611, -0.00490239]
    - [0.01085902,  0.9999101,   0.00786587,  0.00131864]
    - [-0.00226147, -0.00784175,  0.9999667,  0.01165503]
    - [0.0, 0.0, 0.0, 1.0]
  cam_overlaps: [1]
  camera_model: pinhole
  distortion_coeffs: [0.0, 0.0, 0.0, 0.0]
  distortion_model: radtan
  intrinsics: [385.7544860839844, 385.7544860839844, 323.1204833984375, 236.7432098388672] #fu, fv, cu, cv
  resolution: [640, 480]
  rostopic: /camera/infra1/image_rect_raw
cam1:
  T_imu_cam: #rotation from camera to IMU R_CtoI, position of camera in IMU p_CinI
    - [0.99994025, -0.01088851,  0.00096903,  0.04517292]
    - [0.01088044,  0.99990899,  0.007977,    0.00184285]
    - [-0.0010558, -0.00796598,  0.99996771,  0.01179229]
    - [0.0, 0.0, 0.0, 1.0]
  cam_overlaps: [0]
  camera_model: pinhole
  distortion_coeffs: [0.0, 0.0, 0.0, 0.0]
  distortion_model: radtan
  intrinsics: [385.7544860839844, 385.7544860839844, 323.1204833984375, 236.7432098388672] #fu, fv, cu, cv
  resolution: [640, 480]
  rostopic: /camera/infra2/image_rect_raw
